1.390000 0.000000
1.490000 0.000001
1.590000 0.000003
1.690000 0.000013
1.790000 0.000047
1.890000 0.000147
1.990000 0.000408
2.090000 0.001012
2.190000 0.002284
2.290000 0.004755
2.390000 0.009224
2.490000 0.016826
2.590000 0.029073
2.690000 0.047889
2.790000 0.075603
2.890000 0.114929
2.990000 0.168903
3.090000 0.240810
3.190000 0.334080
3.290000 0.452182
3.390000 0.598513
3.490000 0.776284
3.590000 0.988421
3.690000 1.237477
3.790000 1.525560
3.890000 1.854281
3.990000 2.224717
4.090000 2.637398
4.190000 3.092303
4.290000 3.588880
4.390000 4.126069
4.490000 4.702344
4.590000 5.315758
4.690000 5.963991
4.790000 6.644409
4.890000 7.354116
4.990000 8.090009
5.090000 8.848837
5.190000 9.627245
5.290000 10.421826
5.390000 11.229166
5.490000 12.045877
5.590000 12.868638
5.690000 13.694220
5.790000 14.519515
5.890000 15.341554
5.990000 16.157528
6.090000 16.964795
6.190000 17.760896
6.290000 18.543554
6.390000 19.310687
6.490000 20.060398
6.590000 20.790984
6.690000 21.500925
6.790000 22.188884
6.890000 22.853700
6.990000 23.494381
7.090000 24.110095
7.190000 24.700165
7.290000 25.264056
7.390000 25.801370
7.490000 26.311833
7.590000 26.795291
7.690000 27.251694
7.790000 27.681095
7.890000 28.083634
7.990000 28.459534
8.090000 28.809092
8.190000 29.132672
8.290000 29.430695
8.390000 29.703634
8.490000 29.952009
8.590000 30.176377
8.690000 30.377331
8.790000 30.555490
8.890000 30.711498
8.990000 30.846015
9.090000 30.959718
9.190000 31.053295
9.290000 31.127438
9.390000 31.182847
9.490000 31.220221
9.590000 31.240258
9.690000 31.243651
9.790000 31.231090
9.890000 31.203256
9.990000 31.160819
10.090000 31.104441
10.190000 31.034770
10.290000 30.952444
10.390000 30.858084
10.490000 30.752298
10.590000 30.635679
10.690000 30.508803
10.790000 30.372232
10.890000 30.226509
10.990000 30.072163
11.090000 29.909705
11.190000 29.739630
11.290000 29.562414
11.390000 29.378520
11.490000 29.188391
11.590000 28.992456
11.690000 28.791128
11.790000 28.584803
11.890000 28.373860
11.990000 28.158667
12.090000 27.939572
12.190000 27.716912
12.290000 27.491008
12.390000 27.262168
12.490000 27.030686
12.590000 26.796842
12.690000 26.560904
12.790000 26.323129
12.890000 26.083759
12.990000 25.843026
13.090000 25.601151
13.190000 25.358345
13.290000 25.114805
13.390000 24.870722
13.490000 24.626274
13.590000 24.381632
13.690000 24.136957
13.790000 23.892401
13.890000 23.648108
13.990000 23.404214
14.090000 23.160847
14.190000 22.918128
14.290000 22.676171
14.390000 22.435082
14.490000 22.194962
14.590000 21.955906
14.690000 21.718001
14.790000 21.481330
14.890000 21.245970
14.990000 21.011994
15.090000 20.779467
15.190000 20.548453
15.290000 20.319009
15.390000 20.091187
15.490000 19.865039
15.590000 19.640608
15.690000 19.417937
15.790000 19.197063
15.890000 18.978021
15.990000 18.760844
16.090000 18.545558
16.190000 18.332189
16.290000 18.120762
16.390000 17.911294
16.490000 17.703805
16.590000 17.498310
16.690000 17.294821
16.790000 17.093351
16.890000 16.893906
16.990000 16.696496
17.090000 16.501125
17.190000 16.307797
17.290000 16.116514
17.390000 15.927277
17.490000 15.740085
17.590000 15.554935
17.690000 15.371825
17.790000 15.190750
17.890000 15.011704
17.990000 14.834681
18.090000 14.659672
18.190000 14.486670
18.290000 14.315665
18.390000 14.146647
18.490000 13.979604
18.590000 13.814526
18.690000 13.651400
18.790000 13.490213
18.890000 13.330952
18.990000 13.173603
19.090000 13.018151
19.190000 12.864583
19.290000 12.712882
19.390000 12.563033
19.490000 12.415020
19.590000 12.268828
19.690000 12.124439
19.790000 11.981838
19.890000 11.841007
19.990000 11.701929
20.090000 11.564587
20.190000 11.428963
20.290000 11.295041
20.390000 11.162802
20.490000 11.032229
20.590000 10.903304
20.690000 10.776010
20.790000 10.650328
20.890000 10.526240
20.990000 10.403730
21.090000 10.282778
21.190000 10.163368
21.290000 10.045481
21.390000 9.929099
21.490000 9.814206
21.590000 9.700782
21.690000 9.588812
21.790000 9.478276
21.890000 9.369159
21.990000 9.261441
22.090000 9.155107
22.190000 9.050139
22.290000 8.946520
22.390000 8.844234
22.490000 8.743262
22.590000 8.643590
22.690000 8.545200
22.790000 8.448075
22.890000 8.352201
22.990000 8.257560
23.090000 8.164136
23.190000 8.071915
23.290000 7.980879
23.390000 7.891015
23.490000 7.802305
23.590000 7.714736
23.690000 7.628291
23.790000 7.542957
23.890000 7.458718
23.990000 7.375560
24.090000 7.293469
24.190000 7.212429
24.290000 7.132428
24.390000 7.053450
24.490000 6.975483
24.590000 6.898513
24.690000 6.822526
24.790000 6.747509
24.890000 6.673449
24.990000 6.600333
25.090000 6.528148
25.190000 6.456881
25.290000 6.386520
25.390000 6.317053
25.490000 6.248467
25.590000 6.180750
25.690000 6.113891
25.790000 6.047877
25.890000 5.982698
25.990000 5.918342
26.090000 5.854797
26.190000 5.792052
26.290000 5.730097
26.390000 5.668920
26.490000 5.608511
26.590000 5.548860
26.690000 5.489956
26.790000 5.431788
26.890000 5.374346
26.990000 5.317622
27.090000 5.261604
27.190000 5.206283
27.290000 5.151650
27.390000 5.097694
27.490000 5.044408
27.590000 4.991781
27.690000 4.939804
27.790000 4.888469
27.890000 4.837767
27.990000 4.787689
28.090000 4.738226
28.190000 4.689371
28.290000 4.641114
28.390000 4.593448
28.490000 4.546365
28.590000 4.499856
28.690000 4.453914
28.790000 4.408530
28.890000 4.363698
28.990000 4.319410
29.090000 4.275659
29.190000 4.232436
29.290000 4.189736
29.390000 4.147550
29.490000 4.105872
29.590000 4.064695
29.690000 4.024012
29.790000 3.983816
29.890000 3.944102
29.990000 3.904861
30.090000 3.866089
30.190000 3.827778
30.290000 3.789922
30.390000 3.752516
30.490000 3.715553
30.590000 3.679027
30.690000 3.642932
30.790000 3.607263
30.890000 3.572014
30.990000 3.537179
31.090000 3.502753
31.190000 3.468729
31.290000 3.435104
31.390000 3.401871
31.490000 3.369025
31.590000 3.336562
31.690000 3.304475
31.790000 3.272761
31.890000 3.241414
31.990000 3.210429
32.090000 3.179801
32.190000 3.149526
32.290000 3.119599
32.390000 3.090016
32.490000 3.060771
32.590000 3.031861
32.690000 3.003281
32.790000 2.975027
32.890000 2.947094
32.990000 2.919479
33.090000 2.892177
33.190000 2.865184
33.290000 2.838496
33.390000 2.812109
33.490000 2.786019
33.590000 2.760222
33.690000 2.734715
33.790000 2.709494
33.890000 2.684554
33.990000 2.659894
34.090000 2.635508
34.190000 2.611393
34.290000 2.587546
34.390000 2.563963
34.490000 2.540642
34.590000 2.517578
34.690000 2.494768
34.790000 2.472210
34.890000 2.449899
34.990000 2.427833
35.090000 2.406009
35.190000 2.384423
35.290000 2.363073
35.390000 2.341955
35.490000 2.321068
35.590000 2.300406
35.690000 2.279969
35.790000 2.259753
35.890000 2.239755
35.990000 2.219972
36.090000 2.200403
36.190000 2.181043
36.290000 2.161891
36.390000 2.142944
36.490000 2.124200
36.590000 2.105655
36.690000 2.087308
36.790000 2.069156
36.890000 2.051196
36.990000 2.033427
37.090000 2.015845
37.190000 1.998449
37.290000 1.981236
37.390000 1.964205
37.490000 1.947352
37.590000 1.930675
37.690000 1.914173
37.790000 1.897844
37.890000 1.881684
37.990000 1.865693
38.090000 1.849867
38.190000 1.834206
38.290000 1.818707
38.390000 1.803368
38.490000 1.788187
38.590000 1.773163
38.690000 1.758293
38.790000 1.743576
38.890000 1.729009
38.990000 1.714591
39.090000 1.700320
39.190000 1.686195
39.290000 1.672213
39.390000 1.658374
39.490000 1.644674
39.590000 1.631113
39.690000 1.617689
39.790000 1.604401
39.890000 1.591246
39.990000 1.578223
40.090000 1.565331
40.190000 1.552568
40.290000 1.539933
40.390000 1.527423
40.490000 1.515039
40.590000 1.502777
40.690000 1.490637
40.790000 1.478617
40.890000 1.466716
40.990000 1.454933
41.090000 1.443266
41.190000 1.431714
41.290000 1.420275
41.390000 1.408948
41.490000 1.397732
41.590000 1.386626
41.690000 1.375628
41.790000 1.364737
41.890000 1.353952
41.990000 1.343272
42.090000 1.332695
42.190000 1.322220
42.290000 1.311847
42.390000 1.301573
42.490000 1.291399
42.590000 1.281322
42.690000 1.271342
42.790000 1.261457
42.890000 1.251667
42.990000 1.241970
43.090000 1.232365
43.190000 1.222852
43.290000 1.213429
43.390000 1.204095
43.490000 1.194850
43.590000 1.185692
43.690000 1.176620
43.790000 1.167634
43.890000 1.158732
43.990000 1.149914
44.090000 1.141178
44.190000 1.132524
44.290000 1.123950
44.390000 1.115457
44.490000 1.107042
44.590000 1.098706
44.690000 1.090447
44.790000 1.082264
44.890000 1.074157
44.990000 1.066125
45.090000 1.058166
45.190000 1.050281
45.290000 1.042468
45.390000 1.034727
45.490000 1.027057
45.590000 1.019456
45.690000 1.011925
45.790000 1.004463
45.890000 0.997068
45.990000 0.989740
46.090000 0.982479
46.190000 0.975283
46.290000 0.968152
46.390000 0.961086
46.490000 0.954083
46.590000 0.947143
46.690000 0.940265
46.790000 0.933449
46.890000 0.926694
46.990000 0.919999
47.090000 0.913364
47.190000 0.906787
47.290000 0.900269
47.390000 0.893809
47.490000 0.887406
47.590000 0.881060
47.690000 0.874770
47.790000 0.868535
47.890000 0.862354
47.990000 0.856229
48.090000 0.850156
48.190000 0.844137
48.290000 0.838171
48.390000 0.832256
48.490000 0.826394
48.590000 0.820582
48.690000 0.814820
48.790000 0.809109
48.890000 0.803446
48.990000 0.797833
49.090000 0.792268
49.190000 0.786752
49.290000 0.781282
49.390000 0.775860
49.490000 0.770484
49.590000 0.765154
49.690000 0.759869
49.790000 0.754630
49.890000 0.749435
49.990000 0.744285
50.090000 0.739178
50.190000 0.734114
50.290000 0.729093
50.390000 0.724115
50.490000 0.719179
50.590000 0.714284
50.690000 0.709431
50.790000 0.704618
50.890000 0.699845
50.990000 0.695113
51.090000 0.690420
51.190000 0.685766
51.290000 0.681151
51.390000 0.676574
51.490000 0.672036
51.590000 0.667535
51.690000 0.663071
51.790000 0.658644
51.890000 0.654254
51.990000 0.649900
52.090000 0.645582
52.190000 0.641299
52.290000 0.637051
52.390000 0.632839
52.490000 0.628660
52.590000 0.624516
52.690000 0.620406
52.790000 0.616329
52.890000 0.612285
52.990000 0.608274
53.090000 0.604295
53.190000 0.600349
53.290000 0.596434
53.390000 0.592551
53.490000 0.588700
53.590000 0.584879
53.690000 0.581089
53.790000 0.577330
53.890000 0.573600
53.990000 0.569901
54.090000 0.566230
54.190000 0.562590
54.290000 0.558978
54.390000 0.555395
54.490000 0.551840
54.590000 0.548313
54.690000 0.544814
54.790000 0.541343
54.890000 0.537900
54.990000 0.534483
55.090000 0.531093
55.190000 0.527730
55.290000 0.524394
55.390000 0.521083
55.490000 0.517798
55.590000 0.514539
55.690000 0.511306
55.790000 0.508097
55.890000 0.504914
55.990000 0.501755
56.090000 0.498620
56.190000 0.495510
56.290000 0.492424
56.390000 0.489362
56.490000 0.486323
56.590000 0.483308
56.690000 0.480316
56.790000 0.477346
56.890000 0.474400
56.990000 0.471476
57.090000 0.468574
57.190000 0.465695
57.290000 0.462837
57.390000 0.460001
57.490000 0.457187
57.590000 0.454394
57.690000 0.451622
57.790000 0.448871
57.890000 0.446141
57.990000 0.443432
58.090000 0.440742
58.190000 0.438074
58.290000 0.435425
58.390000 0.432796
58.490000 0.430186
58.590000 0.427596
58.690000 0.425026
58.790000 0.422474
58.890000 0.419942
58.990000 0.417428
59.090000 0.414933
59.190000 0.412457
59.290000 0.409999
59.390000 0.407559
59.490000 0.405137
59.590000 0.402733
59.690000 0.400346
59.790000 0.397977
59.890000 0.395626
59.990000 0.393292
60.090000 0.390974
60.190000 0.388674
60.290000 0.386391
60.390000 0.384124
60.490000 0.381873
60.590000 0.379639
60.690000 0.377422
60.790000 0.375220
60.890000 0.373034
60.990000 0.370864
61.090000 0.368710
61.190000 0.366571
61.290000 0.364448
61.390000 0.362339
61.490000 0.360246
61.590000 0.358168
61.690000 0.356105
61.790000 0.354057
61.890000 0.352023
61.990000 0.350004
62.090000 0.347999
62.190000 0.346008
62.290000 0.344031
62.390000 0.342069
62.490000 0.340120
62.590000 0.338185
62.690000 0.336264
62.790000 0.334356
62.890000 0.332462
62.990000 0.330581
63.090000 0.328713
63.190000 0.326859
63.290000 0.325017
63.390000 0.323188
63.490000 0.321372
63.590000 0.319569
63.690000 0.317778
63.790000 0.316000
63.890000 0.314234
63.990000 0.312480
64.090000 0.310739
64.190000 0.309009
64.290000 0.307291
64.390000 0.305586
64.490000 0.303892
64.590000 0.302209
64.690000 0.300539
64.790000 0.298879
64.890000 0.297232
64.990000 0.295595
65.090000 0.293969
65.190000 0.292355
65.290000 0.290752
65.390000 0.289159
65.490000 0.287578
65.590000 0.286007
65.690000 0.284447
65.790000 0.282897
65.890000 0.281358
65.990000 0.279829
66.090000 0.278311
66.190000 0.276803
66.290000 0.275305
66.390000 0.273817
66.490000 0.272339
66.590000 0.270871
66.690000 0.269412
66.790000 0.267964
66.890000 0.266525
66.990000 0.265096
67.090000 0.263676
67.190000 0.262266
67.290000 0.260865
67.390000 0.259473
67.490000 0.258091
67.590000 0.256718
67.690000 0.255354
67.790000 0.253998
67.890000 0.252652
67.990000 0.251315
68.090000 0.249986
68.190000 0.248666
68.290000 0.247355
68.390000 0.246053
68.490000 0.244759
68.590000 0.243473
68.690000 0.242196
68.790000 0.240927
68.890000 0.239666
68.990000 0.238414
69.090000 0.237169
69.190000 0.235933
69.290000 0.234705
69.390000 0.233485
69.490000 0.232272
69.590000 0.231068
69.690000 0.229871
69.790000 0.228682
69.890000 0.227500
69.990000 0.226326
70.090000 0.225160
70.190000 0.224001
70.290000 0.222850
70.390000 0.221706
70.490000 0.220569
70.590000 0.219439
70.690000 0.218317
70.790000 0.217202
70.890000 0.216093
70.990000 0.214992
71.090000 0.213898
71.190000 0.212811
71.290000 0.211730
71.390000 0.210657
71.490000 0.209590
71.590000 0.208530
71.690000 0.207477
71.790000 0.206430
71.890000 0.205390
71.990000 0.204356
72.090000 0.203329
72.190000 0.202308
72.290000 0.201293
72.390000 0.200285
72.490000 0.199283
72.590000 0.198288
72.690000 0.197298
72.790000 0.196315
72.890000 0.195338
72.990000 0.194367
73.090000 0.193401
73.190000 0.192442
73.290000 0.191489
73.390000 0.190542
73.490000 0.189600
73.590000 0.188664
73.690000 0.187734
73.790000 0.186810
73.890000 0.185891
73.990000 0.184978
74.090000 0.184070
74.190000 0.183168
74.290000 0.182272
74.390000 0.181381
74.490000 0.180495
74.590000 0.179615
74.690000 0.178740
74.790000 0.177871
74.890000 0.177006
74.990000 0.176147
75.090000 0.175293
75.190000 0.174445
75.290000 0.173601
75.390000 0.172762
75.490000 0.171929
75.590000 0.171100
75.690000 0.170277
75.790000 0.169458
75.890000 0.168644
75.990000 0.167835
76.090000 0.167031
76.190000 0.166232
76.290000 0.165438
76.390000 0.164648
76.490000 0.163863
76.590000 0.163082
76.690000 0.162306
76.790000 0.161535
76.890000 0.160769
76.990000 0.160006
77.090000 0.159249
77.190000 0.158496
77.290000 0.157747
77.390000 0.157003
77.490000 0.156263
77.590000 0.155527
77.690000 0.154796
77.790000 0.154068
77.890000 0.153346
77.990000 0.152627
78.090000 0.151913
78.190000 0.151202
78.290000 0.150496
78.390000 0.149794
78.490000 0.149096
78.590000 0.148403
78.690000 0.147713
78.790000 0.147027
78.890000 0.146345
78.990000 0.145667
79.090000 0.144993
79.190000 0.144323
79.290000 0.143656
79.390000 0.142994
79.490000 0.142335
79.590000 0.141680
79.690000 0.141029
79.790000 0.140381
79.890000 0.139738
79.990000 0.139098
80.090000 0.138461
80.190000 0.137828
80.290000 0.137199
80.390000 0.136574
80.490000 0.135951
80.590000 0.135333
80.690000 0.134718
80.790000 0.134106
80.890000 0.133498
80.990000 0.132893
81.090000 0.132292
81.190000 0.131694
81.290000 0.131100
81.390000 0.130508
81.490000 0.129921
81.590000 0.129336
81.690000 0.128755
81.790000 0.128177
81.890000 0.127602
81.990000 0.127030
82.090000 0.126462
82.190000 0.125897
82.290000 0.125334
82.390000 0.124775
82.490000 0.124220
82.590000 0.123667
82.690000 0.123117
82.790000 0.122570
82.890000 0.122027
82.990000 0.121486
83.090000 0.120948
83.190000 0.120413
83.290000 0.119882
83.390000 0.119353
83.490000 0.118827
83.590000 0.118304
83.690000 0.117784
83.790000 0.117266
83.890000 0.116752
83.990000 0.116240
84.090000 0.115731
84.190000 0.115225
84.290000 0.114721
84.390000 0.114221
84.490000 0.113723
84.590000 0.113228
84.690000 0.112735
84.790000 0.112245
84.890000 0.111758
84.990000 0.111273
85.090000 0.110791
85.190000 0.110312
85.290000 0.109835
85.390000 0.109361
85.490000 0.108889
85.590000 0.108420
85.690000 0.107953
85.790000 0.107489
85.890000 0.107027
85.990000 0.106568
86.090000 0.106112
86.190000 0.105657
86.290000 0.105205
86.390000 0.104756
86.490000 0.104309
86.590000 0.103864
86.690000 0.103422
86.790000 0.102982
86.890000 0.102544
86.990000 0.102109
87.090000 0.101676
87.190000 0.101245
87.290000 0.100816
87.390000 0.100390
87.490000 0.099966
87.590000 0.099544
87.690000 0.099125
87.790000 0.098708
87.890000 0.098292
87.990000 0.097879
88.090000 0.097469
88.190000 0.097060
88.290000 0.096653
88.390000 0.096249
88.490000 0.095847
88.590000 0.095446
88.690000 0.095048
88.790000 0.094652
88.890000 0.094258
88.990000 0.093866
89.090000 0.093476
89.190000 0.093088
89.290000 0.092703
89.390000 0.092319
89.490000 0.091937
89.590000 0.091557
89.690000 0.091179
89.790000 0.090803
89.890000 0.090428
89.990000 0.090056
90.090000 0.089686
90.190000 0.089318
90.290000 0.088951
90.390000 0.088586
90.490000 0.088224
90.590000 0.087863
90.690000 0.087503
90.790000 0.087146
90.890000 0.086791
90.990000 0.086437
91.090000 0.086085
91.190000 0.085735
91.290000 0.085387
91.390000 0.085040
91.490000 0.084696
91.590000 0.084352
91.690000 0.084011
91.790000 0.083672
91.890000 0.083334
91.990000 0.082997
92.090000 0.082663
92.190000 0.082330
92.290000 0.081999
92.390000 0.081670
92.490000 0.081342
92.590000 0.081015
92.690000 0.080691
92.790000 0.080368
92.890000 0.080047
92.990000 0.079727
93.090000 0.079409
93.190000 0.079092
93.290000 0.078777
93.390000 0.078464
93.490000 0.078152
93.590000 0.077842
93.690000 0.077533
93.790000 0.077225
93.890000 0.076920
93.990000 0.076615
94.090000 0.076313
94.190000 0.076011
94.290000 0.075712
94.390000 0.075413
94.490000 0.075117
94.590000 0.074821
94.690000 0.074527
94.790000 0.074235
94.890000 0.073944
94.990000 0.073654
95.090000 0.073366
95.190000 0.073079
95.290000 0.072794
95.390000 0.072509
95.490000 0.072227
95.590000 0.071946
95.690000 0.071666
95.790000 0.071387
95.890000 0.071110
95.990000 0.070834
96.090000 0.070559
96.190000 0.070286
96.290000 0.070014
96.390000 0.069744
96.490000 0.069474
96.590000 0.069206
96.690000 0.068940
96.790000 0.068674
96.890000 0.068410
96.990000 0.068147
97.090000 0.067886
97.190000 0.067625
97.290000 0.067366
97.390000 0.067108
97.490000 0.066852
97.590000 0.066596
97.690000 0.066342
97.790000 0.066089
97.890000 0.065837
97.990000 0.065587
98.090000 0.065337
98.190000 0.065089
98.290000 0.064842
98.390000 0.064596
98.490000 0.064351
98.590000 0.064108
98.690000 0.063865
98.790000 0.063624
98.890000 0.063384
98.990000 0.063145
99.090000 0.062907
99.190000 0.062670
99.290000 0.062434
99.390000 0.062200
99.490000 0.061966
99.590000 0.061734
99.690000 0.061503
99.790000 0.061273
99.890000 0.061043
99.990000 0.060815
