0.07 5.655747748521753e-284
0.08 4.59114215918454e-247
0.09 2.1828171753698017e-218
0.09999999999999999 1.8051666311429965e-195
0.10999999999999999 9.714609991997318e-177
0.11999999999999998 3.802262949928325e-161
0.12999999999999998 5.752530835032085e-148
0.13999999999999999 1.10892411754424e-136
0.15 6.530150096461194e-127
0.16 2.262753868064407e-118
0.17 7.615363795192542e-111
0.18000000000000002 3.67539754440725e-104
0.19000000000000003 3.459609662681917e-98
0.20000000000000004 8.1219546779339e-93
0.21000000000000005 5.802735729835213e-88
0.22000000000000006 1.484680092551545e-83
0.23000000000000007 1.556093526488273e-79
0.24000000000000007 7.472567934790089e-76
0.25000000000000006 1.8062137551212e-72
0.26000000000000006 2.379430423171311e-69
0.2700000000000001 1.8280735760016798e-66
0.2800000000000001 8.680260093948052e-64
0.2900000000000001 2.6779848066926333e-61
0.3000000000000001 5.605770934837502e-59
0.3100000000000001 8.267923459023365e-57
0.3200000000000001 8.880156396658586e-55
0.3300000000000001 7.1498306389229865e-53
0.34000000000000014 4.427157139425146e-51
0.35000000000000014 2.1564473093290117e-49
0.36000000000000015 8.430878118105431e-48
0.37000000000000016 2.6934879155629948e-46
0.38000000000000017 7.145480882001668e-45
0.3900000000000002 1.5968767309776474e-43
0.4000000000000002 3.045490190350473e-42
0.4100000000000002 5.014884861264814e-41
0.4200000000000002 7.205598719227398e-40
0.4300000000000002 9.121026505185614e-39
0.4400000000000002 1.0260337672755657e-37
0.45000000000000023 1.0338712047100251e-36
0.46000000000000024 9.399400853398345e-36
0.47000000000000025 7.761336582167759e-35
0.48000000000000026 5.856103516187231e-34
0.49000000000000027 4.0600773185499145e-33
0.5000000000000002 2.5997791967133863e-32
0.5100000000000002 1.5447684664847706e-31
0.5200000000000002 8.554705205931518e-31
0.5300000000000002 4.433106011828135e-30
0.5400000000000003 2.1576914390409328e-29
0.5500000000000003 9.897997463725248e-29
0.5600000000000003 4.2931217421821605e-28
0.5700000000000003 1.7658749497358106e-27
0.5800000000000003 6.907342212046665e-27
0.5900000000000003 2.5760109829814035e-26
0.6000000000000003 9.181559441755064e-26
0.6100000000000003 3.134689494329275e-25
0.6200000000000003 1.027296722185607e-24
0.6300000000000003 3.2379951715712124e-24
0.6400000000000003 9.83416011010375e-24
0.6500000000000004 2.8829120052682226e-23
0.6600000000000004 8.170806785143131e-23
0.6700000000000004 2.242342435629835e-22
0.6800000000000004 5.967151843696269e-22
0.6900000000000004 1.541873320546788e-21
0.7000000000000004 3.87347919732174e-21
0.7100000000000004 9.472132090443632e-21
0.7200000000000004 2.2572625006164138e-20
0.7300000000000004 5.2477215861036397e-20
0.7400000000000004 1.1913932049630048e-19
0.7500000000000004 2.6439461248319297e-19
0.7600000000000005 5.740618054188472e-19
0.7700000000000005 1.2205287567174422e-18
0.7800000000000005 2.5431740997982142e-18
0.7900000000000005 5.197328456710227e-18
0.8000000000000005 1.0425107391084026e-17
0.8100000000000005 2.0539108622166792e-17
0.8200000000000005 3.9771571771171265e-17
0.8300000000000005 7.574071616646973e-17
0.8400000000000005 1.4194291620848668e-16
0.8500000000000005 2.619240939839652e-16
0.8600000000000005 4.761596970269879e-16
0.8700000000000006 8.532421311255361e-16
0.8800000000000006 1.5078253793421323e-15
0.8900000000000006 2.629031064722718e-15
0.9000000000000006 4.524846476394986e-15
0.9100000000000006 7.690671135053302e-15
0.9200000000000006 1.2913900017431119e-14
0.9300000000000006 2.1431673523412765e-14
0.9400000000000006 3.516620692638424e-14
0.9500000000000006 5.707212212626352e-14
0.9600000000000006 9.16438218299612e-14
0.9700000000000006 1.4564928623332487e-13
0.9800000000000006 2.2918113467568256e-13
0.9900000000000007 3.5714811896842266e-13
1.0900000000000007 1.8808659934244618e-11
1.1900000000000008 4.895234186539811e-10
1.290000000000001 7.440166179746978e-09
1.390000000000001 7.434041799989539e-08
1.490000000000001 5.323453713355478e-07
1.5900000000000012 2.9137081954002247e-06
1.6900000000000013 1.2801033208301655e-05
1.7900000000000014 4.688571038180088e-05
1.8900000000000015 0.000147486798768251
1.9900000000000015 0.00040800757475412743
2.0900000000000016 0.0010117461579076008
2.1900000000000017 0.0022840747362887007
2.290000000000002 0.0047547994314787465
2.390000000000002 0.009224420928869931
2.490000000000002 0.016825930015772626
2.590000000000002 0.029073245752640444
2.690000000000002 0.04788851491173816
2.7900000000000023 0.07560290147958443
2.8900000000000023 0.11492862547806389
2.9900000000000024 0.1689032368575166
3.0900000000000025 0.24080991347779127
3.1900000000000026 0.33407961703954714
3.2900000000000027 0.45218208944019733
3.390000000000003 0.5985129524045902
3.490000000000003 0.7762837265048087
3.590000000000003 0.9884206110638957
3.690000000000003 1.2374765753650177
3.790000000000003 1.5255598956918708
3.8900000000000032 1.8542808858215585
3.9900000000000033 2.2247173201360786
4.090000000000003 2.6373980051364634
4.190000000000003 3.0923031468968962
4.290000000000003 3.5888795907500173
4.390000000000002 4.126068657510543
4.490000000000002 4.702344138168792
4.590000000000002 5.315758000890357
4.690000000000001 5.963991473986434
4.790000000000001 6.644409362044104
4.890000000000001 7.354115699435249
4.99 8.090009120726721
5.09 8.84883661104999
5.1899999999999995 9.62724457614894
5.289999999999999 10.42182643091972
5.389999999999999 11.229166139836389
5.489999999999998 12.045877348823105
5.589999999999998 12.86863792435214
5.689999999999998 13.694219862055089
5.789999999999997 14.519514645401658
5.889999999999997 15.341554227321291
5.989999999999997 16.15752787677314
6.089999999999996 16.964795181184996
6.189999999999996 17.76089552737152
6.289999999999996 18.543554400878605
6.389999999999995 19.310686849358007
6.489999999999995 20.06039845196217
6.5899999999999945 20.790984125998516
6.689999999999994 21.500925086034044
6.789999999999994 22.188884250862753
6.8899999999999935 22.85370037153942
6.989999999999993 23.494381130111485
7.089999999999993 24.110095434596328
7.189999999999992 24.700165111823406
7.289999999999992 25.26405617649812
7.389999999999992 25.80136983261782
7.489999999999991 26.31183334244576
7.589999999999991 26.795290878794464
7.689999999999991 27.251694458479555
7.78999999999999 27.68109503852406
7.88999999999999 28.08363384200348
7.9899999999999896 28.459533967293353
8.08999999999999 28.809092322837717
8.189999999999989 29.13267191932274
8.289999999999988 29.43069454221467
8.389999999999988 29.703633819907417
8.489999999999988 29.95200869611641
8.589999999999987 30.17637730955213
8.689999999999987 30.377331279203606
8.789999999999987 30.55549038966806
8.889999999999986 30.71149766778076
8.989999999999986 30.84601483925168
9.089999999999986 30.95971815201491
9.189999999999985 31.053294551478707
9.289999999999985 31.12743819175885
9.389999999999985 31.182847266225497
9.489999999999984 31.220221140246316
9.589999999999984 31.240257768809418
9.689999999999984 31.243651381727815
9.789999999999983 31.231090419314715
9.889999999999983 31.203255701751715
9.989999999999982 31.160818815816963
10.089999999999982 31.104440703173548
11.089999999999982 29.909705387143386
12.089999999999982 27.939572039685224
13.089999999999982 25.601151394446262
14.089999999999982 23.160847148383557
15.089999999999982 20.77946734013196
16.089999999999982 18.545557694200514
17.089999999999982 16.501125223555796
18.089999999999982 14.65967229408654
19.089999999999982 13.018151262190717
20.089999999999982 11.56458661503862
21.089999999999982 10.28277832933265
22.089999999999982 9.155107113242648
23.089999999999982 8.164136455332104
24.089999999999982 7.293468504958648
25.089999999999982 6.528147559548293
26.089999999999982 5.854796806011116
27.089999999999982 5.261603904791272
28.089999999999982 4.738226286225629
29.089999999999982 4.275658807572513
30.089999999999982 3.8660887873755665
31.089999999999982 3.5027525335710097
32.08999999999998 3.1798008284928634
33.08999999999998 2.892176842255599
34.08999999999998 2.6355076104243222
35.08999999999998 2.406008897776269
36.08999999999998 2.20040257846234
37.08999999999998 2.0158453445134685
38.08999999999998 1.849867454284953
39.08999999999998 1.7003202544313074
40.08999999999998 1.5653312950465887
41.08999999999998 1.4432659727571195
42.08999999999998 1.332694760426333
43.08999999999998 1.2323652033136914
44.08999999999998 1.1411779740845642
45.08999999999998 1.0581663803389425
46.08999999999998 0.9824788075692109
47.08999999999998 0.9133636579932902
48.08999999999998 0.850156412412603
49.08999999999998 0.7922684992300777
50.08999999999998 0.7391777032094687
51.08999999999998 0.6904198876035403
52.08999999999998 0.6455818379760172
53.08999999999998 0.6042950653304332
54.08999999999998 0.5662304308618217
55.08999999999998 0.5310934754764882
56.08999999999998 0.49862035479022276
57.08999999999998 0.46857429513400967
58.08999999999998 0.44074249860638093
59.08999999999998 0.4149334357818671
60.08999999999998 0.3909744736254364
61.08999999999998 0.36870979373341384
62.08999999999998 0.34799856243999344
63.08999999999998 0.32871331977763624
64.08999999999997 0.31073855891219093
65.08999999999997 0.2939694716175375
66.08999999999997 0.27831083871719314
67.08999999999997 0.26367604729160893
68.08999999999997 0.2499862189053238
69.08999999999997 0.2371694352111427
70.08999999999997 0.22516004909240384
71.08999999999997 0.21389807105409964
72.08999999999997 0.20332862190695614
73.08999999999997 0.1934014439375069
74.08999999999997 0.18407046374871094
75.08999999999997 0.1752934008126096
76.08999999999997 0.1670314165182504
77.08999999999997 0.15924879914105913
78.08999999999997 0.151912680717983
79.08999999999997 0.14499278229792248
80.08999999999997 0.13846118445937397
81.08999999999997 0.13229212035542862
82.08999999999997 0.12646178886773438
83.08999999999997 0.12094818573202648
84.08999999999997 0.11573095074380166
85.08999999999997 0.11079122936829669
86.08999999999997 0.10611154726813582
87.08999999999997 0.10167569642826951
88.08999999999997 0.09746863170411338
89.08999999999997 0.09347637674766059
90.08999999999997 0.08968593838000596
91.08999999999997 0.08608522857909115
92.08999999999997 0.08266299334022278
93.08999999999997 0.079408747745464
94.08999999999997 0.07631271664760766
95.08999999999997 0.07336578043619256
96.08999999999997 0.07055942540786901
97.08999999999997 0.06788569831218406
98.08999999999997 0.06533716468726067
99.08999999999997 0.06290687063851594
